(
reference_rDNA:0.00827,
NA19240_45S:-0.00101,
NR_046235.1:0.00468);
