(
reference_rDNA:0.00641,
NA19240_45S:-0.00093,
NR_046235.1:0.00467);
